21
85
149
213
277
341
405
469
533
597
661
725
789
853
917
981
1045
1109
1173
1237
1301
1344
1345
1346
1347
1348
1349
1350
1351
1352
1353
1354
1355
1356
1357
1358
1359
1360
1361
1362
1363
1364
1365
1366
1367
1368
1369
1370
1371
1372
1373
1374
1375
1376
1377
1378
1379
1380
1381
1382
1383
1384
1385
1386
1387
1388
1389
1390
1391
1392
1393
1394
1395
1396
1397
1398
1399
1400
1401
1402
1403
1404
1405
1406
1407
1429
1431
1437
1439
1461
1463
1469
1471
1493
1494
1497
1498
1509
1510
1513
1514
1557
1621
1623
1629
1631
1653
1655
1661
1663
1685
1687
1693
1695
1717
1719
1725
1727
1749
1813
1877
1878
1881
1882
1893
1894
1897
1898
1941
2005
2006
2009
2010
2021
2022
2025
2026
2069
2133
2197
2261
2325
2389
2391
2397
2399
2421
2423
2429
2431
2453
2455
2461
2463
2485
2487
2493
2495
2517
2581
2645
2647
2653
2655
2677
2679
2685
2687
2709
2711
2717
2719
2741
2743
2749
2751
2773
2837
2901
2965
3029
3093
3157
3221
3285
3349
3413
3414
3417
3418
3429
3430
3433
3434
3477
3541
3542
3545
3546
3557
3558
3561
3562
3605
3669
3733
3797
3861
3925
3926
3929
3930
3941
3942
3945
3946
3989
4053
4054
4057
4058
4069
4070
4073
4074
4117
5440
6847
8170
8213
8405
8981
9173
9536
9539
9548
9551
9584
9587
9596
9599
9663
9855
9919
10623
10687
10879
10943
11285
11477
12053
12245
12246
12249
12250
12261
12262
12265
12266
12309
12437
12821
12949
13632
13634
13640
13642
13664
13666
13672
13674
13802
14186
14314
14357
14485
14869
14997
14999
15005
15007
15029
15031
15037
15039
15722
15850
16234
16362
16405
17728
19135
20458
20501
21824
23231
24554
24597
25920
27327
28650
28693
30016
31423
32746
32789
32981
33557
33749
34112
34115
34124
34127
34160
34163
34172
34175
34239
34431
34495
35199
35263
35455
35519
35861
36053
36629
36821
36822
36825
36826
36837
36838
36841
36842
36885
38208
39615
40938
40981
41173
41749
41941
42304
42307
42316
42319
42352
42355
42364
42367
42431
42623
42687
43391
43455
43647
43711
44053
44245
44821
45013
45014
45017
45018
45029
45030
45033
45034
45077
46400
47807
49130
49173
49301
49685
49813
50496
50498
50504
50506
50528
50530
50536
50538
50666
51050
51178
51221
51349
51733
51861
51863
51869
51871
51893
51895
51901
51903
52586
52714
53098
53226
53269
54592
55999
57322
57365
58688
60095
61418
61461
61589
61973
62101
62784
62786
62792
62794
62816
62818
62824
62826
62954
63338
63466
63509
63637
64021
64149
64151
64157
64159
64181
64183
64189
64191
64874
65002
65386
65514
65557
66880
68287
69610
69653
70976
72383
73706
73749
75072
76479
77802
77845
79168
80575
81898
81941
83264
84671
85994
86016
86017
86018
86019
86020
86021
86022
86023
86024
86025
86026
86027
86028
86029
86030
86031
86032
86033
86034
86035
86036
86037
86038
86039
86040
86041
86042
86043
86044
86045
86046
86047
86048
86049
86050
86051
86052
86053
86054
86055
86056
86057
86058
86059
86060
86061
86062
86063
86064
86065
86066
86067
86068
86069
86070
86071
86072
86073
86074
86075
86076
86077
86078
86079
86080
86144
86147
86156
86159
86192
86195
86204
86207
86208
86210
86216
86218
86240
86242
86248
86250
86272
86336
86400
86464
86528
86531
86540
86543
86576
86579
86588
86591
86592
86656
86659
86668
86671
86704
86707
86716
86719
86720
86784
86786
86792
86794
86816
86818
86824
86826
86848
86912
86976
86978
86984
86986
87008
87010
87016
87018
87040
87104
87168
87232
87296
87360
87424
87488
87552
87616
87680
87744
87808
87872
87936
88000
88064
88067
88076
88079
88112
88115
88124
88127
88128
88192
88195
88204
88207
88240
88243
88252
88255
88256
88320
88384
88448
88512
88576
88579
88588
88591
88624
88627
88636
88639
88640
88704
88707
88716
88719
88752
88755
88764
88767
88768
88832
88896
88960
89024
89088
89090
89096
89098
89120
89122
89128
89130
89152
89216
89280
89282
89288
89290
89312
89314
89320
89322
89344
89408
89472
89536
89600
89664
89728
89792
89856
89858
89864
89866
89888
89890
89896
89898
89920
89984
90048
90050
90056
90058
90080
90082
90088
90090
90133
90135
90141
90143
90165
90167
90173
90175
90303
90687
90815
91456
91584
91968
92096
92223
92351
92735
92863
93504
93632
94016
94144
94146
94152
94154
94176
94178
94184
94186
94229
94230
94233
94234
94245
94246
94249
94250
94442
95018
95210
95552
95616
95808
95872
96576
96640
96832
96896
96899
96908
96911
96944
96947
96956
96959
97322
97514
98090
98282
98325
99648
101055
102378
102421
102423
102429
102431
102453
102455
102461
102463
102591
102975
103103
103744
103872
104256
104384
104511
104639
105023
105151
105792
105920
106304
106432
106434
106440
106442
106464
106466
106472
106474
106517
106519
106525
106527
106549
106551
106557
106559
106687
107071
107199
107840
107968
108352
108480
108607
108735
109119
109247
109888
110016
110400
110528
110530
110536
110538
110560
110562
110568
110570
110613
111936
113343
114666
114709
116032
117439
118762
118805
118806
118809
118810
118821
118822
118825
118826
119018
119594
119786
120128
120192
120384
120448
121152
121216
121408
121472
121475
121484
121487
121520
121523
121532
121535
121898
122090
122666
122858
122901
124224
125631
126954
126997
126998
127001
127002
127013
127014
127017
127018
127210
127786
127978
128320
128384
128576
128640
129344
129408
129600
129664
129667
129676
129679
129712
129715
129724
129727
130090
130282
130858
131050
131093
131285
131861
132053
132416
132419
132428
132431
132464
132467
132476
132479
132543
132735
132799
133503
133567
133759
133823
134165
134357
134933
135125
135126
135129
135130
135141
135142
135145
135146
135189
136512
137919
139242
139285
139477
140053
140245
140608
140611
140620
140623
140656
140659
140668
140671
140735
140927
140991
141695
141759
141951
142015
142357
142549
143125
143317
143318
143321
143322
143333
143334
143337
143338
143381
144704
146111
147434
147477
148800
150207
151530
151573
151575
151581
151583
151605
151607
151613
151615
151743
152127
152255
152896
153024
153408
153536
153663
153791
154175
154303
154944
155072
155456
155584
155586
155592
155594
155616
155618
155624
155626
155669
155671
155677
155679
155701
155703
155709
155711
155839
156223
156351
156992
157120
157504
157632
157759
157887
158271
158399
159040
159168
159552
159680
159682
159688
159690
159712
159714
159720
159722
159765
161088
162495
163818
163861
164053
164629
164821
165184
165187
165196
165199
165232
165235
165244
165247
165311
165503
165567
166271
166335
166527
166591
166933
167125
167701
167893
167894
167897
167898
167909
167910
167913
167914
167957
167959
167965
167967
167989
167991
167997
167999
168127
168511
168639
169280
169408
169792
169920
170047
170175
170559
170687
171328
171456
171840
171968
171970
171976
171978
172000
172002
172008
172010
172053
172055
172061
172063
172085
172087
172093
172095
172159
172223
172245
172247
172253
172255
172277
172279
172285
172287
172351
172415
172479
172543
172607
172671
172735
172799
172821
172823
172829
172831
172853
172855
172861
172863
172927
172991
173013
173015
173021
173023
173045
173047
173053
173055
173119
173183
173247
173311
173375
173376
173379
173388
173391
173424
173427
173436
173439
173503
173504
173507
173516
173519
173552
173555
173564
173567
173631
173695
173759
173823
173887
173888
173891
173900
173903
173936
173939
173948
173951
174015
174016
174019
174028
174031
174064
174067
174076
174079
174143
174207
174271
174335
174399
174463
174527
174591
174655
174719
174783
174847
174911
174975
175039
175103
175125
175127
175133
175135
175157
175159
175165
175167
175231
175295
175317
175319
175325
175327
175349
175351
175357
175359
175423
175424
175427
175436
175439
175472
175475
175484
175487
175551
175552
175555
175564
175567
175600
175603
175612
175615
175679
175743
175807
175871
175893
175895
175901
175903
175925
175927
175933
175935
175936
175939
175948
175951
175984
175987
175996
175999
176063
176064
176065
176066
176067
176068
176069
176070
176071
176072
176073
176074
176075
176076
176077
176078
176079
176080
176081
176082
176083
176084
176085
176086
176087
176088
176089
176090
176091
176092
176093
176094
176095
176096
176097
176098
176099
176100
176101
176102
176103
176104
176105
176106
176107
176108
176109
176110
176111
176112
176113
176114
176115
176116
176117
176118
176119
176120
176121
176122
176123
176124
176125
176126
176127
176149
177472
178879
180202
180245
181568
182975
184298
184341
185664
187071
188394
188437
189760
191167
192490
192533
193856
195263
196586
196629
196757
197141
197269
197952
197954
197960
197962
197984
197986
197992
197994
198122
198506
198634
198677
198805
199189
199317
199319
199325
199327
199349
199351
199357
199359
200042
200170
200554
200682
200725
202048
203455
204778
204821
206144
207551
208874
208917
209045
209429
209557
210240
210242
210248
210250
210272
210274
210280
210282
210410
210794
210922
210965
211093
211477
211605
211607
211613
211615
211637
211639
211645
211647
212330
212458
212842
212970
213013
214336
215743
217066
217109
217110
217113
217114
217125
217126
217129
217130
217322
217898
218090
218432
218496
218688
218752
219456
219520
219712
219776
219779
219788
219791
219824
219827
219836
219839
220202
220394
220970
221162
221205
222528
223935
225258
225301
225302
225305
225306
225317
225318
225321
225322
225514
226090
226282
226624
226688
226880
226944
227648
227712
227904
227968
227971
227980
227983
228016
228019
228028
228031
228394
228586
229162
229354
229397
230720
232127
233450
233493
234816
236223
237546
237589
238912
240319
241642
241685
243008
244415
245738
245781
245909
246293
246421
247104
247106
247112
247114
247136
247138
247144
247146
247274
247658
247786
247829
247957
248341
248469
248471
248477
248479
248501
248503
248509
248511
249194
249322
249706
249834
249877
249878
249881
249882
249893
249894
249897
249898
250090
250666
250858
251200
251264
251456
251520
252224
252288
252480
252544
252547
252556
252559
252592
252595
252604
252607
252970
253162
253738
253930
253973
255296
256703
258026
258069
258070
258073
258074
258085
258086
258089
258090
258154
258197
258198
258201
258202
258213
258214
258217
258218
258282
258346
258410
258474
258538
258581
258582
258585
258586
258597
258598
258601
258602
258666
258709
258710
258713
258714
258725
258726
258729
258730
258794
258858
258922
258986
259050
259114
259178
259242
259306
259370
259392
259394
259400
259402
259424
259426
259432
259434
259456
259458
259464
259466
259488
259490
259496
259498
259562
259626
259648
259650
259656
259658
259680
259682
259688
259690
259712
259714
259720
259722
259744
259746
259752
259754
259818
259882
259946
260010
260074
260117
260118
260121
260122
260133
260134
260137
260138
260202
260245
260246
260249
260250
260261
260262
260265
260266
260330
260394
260416
260418
260424
260426
260448
260450
260456
260458
260480
260482
260488
260490
260512
260514
260520
260522
260586
260629
260630
260633
260634
260645
260646
260649
260650
260672
260674
260680
260682
260704
260706
260712
260714
260736
260737
260738
260739
260740
260741
260742
260743
260744
260745
260746
260747
260748
260749
260750
260751
260752
260753
260754
260755
260756
260757
260758
260759
260760
260761
260762
260763
260764
260765
260766
260767
260768
260769
260770
260771
260772
260773
260774
260775
260776
260777
260778
260779
260780
260781
260782
260783
260784
260785
260786
260787
260788
260789
260790
260791
260792
260793
260794
260795
260796
260797
260798
260799
260842
260906
260970
261034
261098
261162
261226
261290
261354
261418
261482
261546
261610
261674
261738
261802
261866
261930
261994
262058
262122
